0.2678096189901838
0.26812038843229213
0.16699927300448505
0.17644407951860858
0.24563718608749974
0.24380643253292045

0.9919399159416099
-0.008438941336402807
0.996543320298326
-0.004130902894961208
0.9918749409912535
-0.008487839748392578

0.9759905563602429
-0.024747995831342826
0.9889872131534079
-0.012616463885295671
0.9757812562874603
-0.024862062797681588

Luego de la magia

0.8895510725354165
-0.11100716368392664
0.9537242955109171
-0.05501938926831926
0.8875602791500075
-0.11207490069097498

0.7107814407808425
-0.2898586256226616
0.8590777702829779
-0.1429644948918528
0.7075027407494517
-0.29349711666682105